NAME : CE-01
COMMENT : E051-05e
CUSTOMERS : 50
VEHICLES : 4
NODE          COORD_SECTION (X, Y)        DEMANDS       EXTERN_COST
 0             30            40            0            0.00 
 1             37            52            7            23.00 
 2             49            49            30           52.00 
 3             52            64            16           58.00 
 4             20            26            9            27.00 
 5             40            30            21           31.00 
 6             21            47            15           21.00 
 7             17            63            19           49.00 
 8             31            62            23           43.00 
 9             52            33            11           33.00 
 10            51            21            5            38.00 
 11            42            41            19           28.00 
 12            31            32            29           26.00 
 13            5             25            23           53.00 
 14            12            42            21           37.00 
 15            36            16            10           34.00 
 16            52            41            15           32.00 
 17            27            23            3            27.00 
 18            17            33            41           39.00 
 19            13            13            9            42.00 
 20            57            58            28           58.00 
 21            62            42            8            42.00 
 22            42            57            8            30.00 
 23            16            57            16           43.00 
 24            8             52            10           35.00 
 25            7             38            28           44.00 
 26            27            68            7            38.00 
 27            30            48            15           18.00 
 28            43            67            14           40.00 
 29            58            48            6            39.00 
 30            58            27            19           56.00 
 31            37            69            11           39.00 
 32            38            46            12           20.00 
 33            46            10            23           61.00 
 34            61            33            26           57.00 
 35            62            63            17           69.00 
 36            63            69            6            54.00 
 37            32            22            9            28.00 
 38            45            35            15           25.00 
 39            59            15            14           48.00 
 40            5             6             7            52.00 
 41            10            17            27           55.00 
 42            21            10            13           41.00 
 43            5             64            11           44.00 
 44            30            15            16           47.00 
 45            39            10            10           41.00 
 46            32            39            5            12.00 
 47            25            32            25           24.00 
 48            25            55            17           33.00 
 49            48            28            18           42.00 
 50            56            37            10           36.00 
TRUCK:        CAPACITY      FIXED COST    VAR. COST
 1             160          120.00        1.00 
 2             160          120.00        1.00 
 3             160          120.00        1.00 
 4             160          120.00        1.00 
