NAME : CE-H-01
COMMENT : E051-05e
CUSTOMERS : 50
VEHICLES : 4
NODE          COORD_SECTION (X, Y)        DEMANDS       EXTERN_COST
 0             30            40            0            0.00 
 1             37            52            7            25.00 
 2             49            49            30           53.00 
 3             52            64            16           60.00 
 4             20            26            9            28.00 
 5             40            30            21           32.00 
 6             21            47            15           23.00 
 7             17            63            19           51.00 
 8             31            62            23           44.00 
 9             52            33            11           34.00 
 10            51            21            5            40.00 
 11            42            41            19           29.00 
 12            31            32            29           27.00 
 13            5             25            23           55.00 
 14            12            42            21           38.00 
 15            36            16            10           36.00 
 16            52            41            15           33.00 
 17            27            23            3            28.00 
 18            17            33            41           41.00 
 19            13            13            9            43.00 
 20            57            58            28           60.00 
 21            62            42            8            43.00 
 22            42            57            8            32.00 
 23            16            57            16           44.00 
 24            8             52            10           36.00 
 25            7             38            28           46.00 
 26            27            68            7            39.00 
 27            30            48            15           19.00 
 28            43            67            14           41.00 
 29            58            48            6            40.00 
 30            58            27            19           58.00 
 31            37            69            11           41.00 
 32            38            46            12           21.00 
 33            46            10            23           62.00 
 34            61            33            26           59.00 
 35            62            63            17           70.00 
 36            63            69            6            55.00 
 37            32            22            9            29.00 
 38            45            35            15           27.00 
 39            59            15            14           49.00 
 40            5             6             7            53.00 
 41            10            17            27           57.00 
 42            21            10            13           43.00 
 43            5             64            11           46.00 
 44            30            15            16           49.00 
 45            39            10            10           43.00 
 46            32            39            5            13.00 
 47            25            32            25           25.00 
 48            25            55            17           35.00 
 49            48            28            18           44.00 
 50            56            37            10           37.00 
TRUCK:        CAPACITY      FIXED COST    VAR. COST
 1             160          140.00        1.00 
 2             160          140.00        1.00 
 3             192          168.00        1.00 
 4             192          168.00        1.00 
